 1  3  2  9  9  8  1  2  2  1  9  8
 7  9  10  9  9  4  8  10  10  2  9  6
 4  10  5  3  9  3  2  5  2  9  3  4
 5  1  5  10  4  7  7  6  10  9  7  1
 10  8  1  5  10  2  3  7  3  3  8  7
 8  2  3  3  7  9  9  4  2  9  3  4
 2  5  3  8  6  9  5  10  6  4  8  7
 6  8  2  8  10  10  6  1  6  1  7  9
 9  3  5  4  5  1  10  4  5  6  4  8
 9  4  4  3  4  9  8  2  9  4  9  1
 1  3  3  4  10  4  8  5  7  9  5  10
 6  5  6  2  10  7  6  5  6  5  6  2
 8  5  10  6  2  1  8  10  6  4  5  8
 2  2  3  1  4  3  4  8  7  5  1  4
 8  6  9  2  2  10  5  3  5  10  10  10
3 1 4 1 1 7 9 5 1 4 6 6
0.670 0.328